507
2024
1900
4
1000000000000000000000000000004
24274
4839
1000
2500
853984
5454
324654
35463
325436
42653
43265310
1000003434
20000000000300000
2400000
352542
2
321
4
35
4265
675
876735
3
436
36
435
5
45
4
656
3434
3
43
65565
65656
2024
1900
4
1000000000000000000000000000004
24274
4839
1000
2500
853984
5454
324654
35463
325436
42653
43265310
1000003434
20000000000300000
2400000
352542
2
321
4
35
4265
675
876735
3
436
36
435
5
45
4
656
3434
3
43
65565
65656
2024
1900
4
1000000000000000000000000000004
24274
4839
1000
2500
853984
5454
324654
35463
325436
42653
43265310
1000003434
20000000000300000
2400000
352542
2
321
4
35
4265
675
876735
3
436
36
435
5
45
4
656
3434
3
43
65565
65656
2024
1900
4
1000000000000000000000000000004
24274
4839
1000
2500
853984
5454
324654
35463
325436
42653
43265310
1000003434
20000000000300000
2400000
352542
2
321
4
35
4265
675
876735
3
436
36
435
5
45
4
656
3434
3
43
65565
65656
2024
1900
4
1000000000000000000000000000004
24274
4839
1000
2500
853984
5454
324654
35463
325436
42653
43265310
1000003434
20000000000300000
2400000
352542
2
321
4
35
4265
675
876735
3
436
36
435
5
45
4
656
3434
3
43
65565
65656
2024
1900
4
1000000000000000000000000000004
24274
4839
1000
2500
853984
5454
324654
35463
325436
42653
43265310
1000003434
20000000000300000
2400000
352542
2
321
4
35
4265
675
876735
3
436
36
435
5
45
4
656
3434
3
43
65565
65656
2024
1900
4
1000000000000000000000000000004
24274
4839
1000
2500
853984
5454
324654
35463
325436
42653
43265310
1000003434
20000000000300000
2400000
352542
2
321
4
35
4265
675
876735
3
436
36
435
5
45
4
656
3434
3
43
65565
65656
2024
1900
4
1000000000000000000000000000004
24274
4839
1000
2500
853984
5454
324654
35463
325436
42653
43265310
1000003434
20000000000300000
2400000
352542
2
321
4
35
4265
675
876735
3
436
36
435
5
45
4
656
3434
3
43
65565
65656
2024
1900
4
1000000000000000000000000000004
24274
4839
1000
2500
853984
5454
324654
35463
325436
42653
43265310
1000003434
20000000000300000
2400000
352542
2
321
4
35
4265
675
876735
3
436
36
435
5
45
4
656
3434
3
43
65565
65656
2024
1900
4
1000000000000000000000000000004
24274
4839
1000
2500
853984
5454
324654
35463
325436
42653
43265310
1000003434
20000000000300000
2400000
352542
2
321
4
35
4265
675
876735
3
436
36
435
5
45
4
656
3434
3
43
65565
65656
2024
1900
4
1000000000000000000000000000004
24274
4839
1000
2500
853984
5454
324654
35463
325436
42653
43265310
1000003434
20000000000300000
2400000
352542
2
321
4
35
4265
675
876735
3
436
36
435
5
45
4
656
3434
3
43
65565
65656
2024
1900
4
1000000000000000000000000000004
24274
4839
1000
2500
853984
5454
324654
35463
325436
42653
43265310
1000003434
20000000000300000
2400000
352542
2
321
4
35
4265
675
876735
3
436
36
435
5
45
4
656
3434
3
43
65565
65656
2024
1900
4
1000000000000000000000000000004
24274
4839
1000
2500
853984
5454
324654
35463
325436
42653
43265310
1000003434
20000000000300000
2400000
352542
2
321
4
35
4265
675
876735
3
436
36
435
5
45
4
656
3434
3
43
65565
65656